P:3:3,22,8,40
Y:1:16,12,3,2
R:4:7,0,1,9
Y:1:7,8,12,10
B:5:11,3,4,6
R:9:12,5,13,4
B:2:7,6,10,11
B:6:13,1,4,4
Y:5:8,0,7,0
P:3:1,4,3,6
B:5:0,4,2,1
B:8:4,1,8,1
P:3:3,22,8,40
P:3:3,22,8,40
P:3:3,22,8,40
Y:1:16,12,3,2
R:4:7,0,1,9
Y:1:7,8,12,10
B:5:11,3,4,6
R:9:12,5,13,4
B:2:7,6,10,11
B:6:13,1,4,4
Y:5:8,0,7,0
P:3:1,4,3,6
B:5:0,4,2,1
B:8:4,1,8,1
Y:1:16,12,3,2
R:4:7,0,1,9
Y:1:7,8,12,10
B:5:11,3,4,6
R:9:12,5,13,4
B:2:7,6,10,11
B:6:13,1,4,4
Y:5:8,0,7,0
P:3:1,4,3,6
B:5:0,4,2,1
B:8:4,1,8,1
Y:1:16,12,3,2
R:4:7,0,1,9
Y:1:7,8,12,10
B:5:11,3,4,6
R:9:12,5,13,4
B:2:7,6,10,11
B:6:13,1,4,4
Y:5:8,0,7,0
P:3:1,4,3,6
B:5:0,4,2,1
B:8:4,1,8,1
